# Distribution : exponentielle
# n = 100 valeurs
# Seed = 2 (groupe 2)
2.6817845514594785
2.418030033788194
0.4110352576580087
4.773761584061563
1.0213161890474158
0.6333691452729612
3.3436793202873543
5.795519379169522
2.5821911539048363
0.8388247972727899
1.151561662413408
3.793409964618247
1.6757411836815417
0.8030538501578688
1.7217845523736228
0.913987178381613
0.06621211048478587
0.7623310314032646
1.8749019118677435
3.350593866414311
2.122860387411083
1.342513180644436
0.2303517032562385
0.5083296930877527
2.2904859884183124
0.15761699681500532
1.5061770587041663
0.7312617369719764
4.465981713592563
4.51630293463214
3.1998917342499755
0.24557933007153573
0.7718795635580308
0.3268355522919293
0.8787586911597727
1.8001341122165104
1.321057219154279
1.0436264750439934
0.2967262884840698
1.6502228440306093
0.2280400020960684
0.9764429390150133
0.37421126256614984
1.394085296434198
0.73484171623088
2.163360645860055
1.2970035541169653
3.0628863761040113
4.591147420202299
6.508792030926913
0.7077876970129774
1.568637142083127
0.21576260903798325
0.36020834276067143
1.9085297453431669
0.05334766993617022
1.048287802281366
0.5334509043135194
1.7969293365263899
3.2575481949863785
3.5231161343920796
3.416239049730852
1.009006248370001
4.367243639538554
7.832991100984385
0.36545056250720676
4.616982642290839
1.5944191425077614
1.4328374570379632
0.9551930581528606
1.3703005527996113
0.12941169698355898
0.5743068394577828
1.108626997308027
0.964890575929756
1.360258597695198
0.07174807658342701
2.968907835530586
0.7449492449234107
1.1772259683874626
6.339610015947712
2.4337783939788444
0.15124329657923036
0.4852520732760999
8.711767743376551
2.4305641631948403
9.249654442267625
0.37877224118321995
4.407877472315843
5.713500269429901
0.03656554560275492
1.6154562394390855
2.2889376262379697
6.031323523619206
1.885293622485612
2.0100304748866153
1.294509896758848
9.985944472363956
3.8215876910513926
3.1223764957745876
