# Loi : exponentielle
# n = 1000 valeurs
# Seed = 2 (groupe 2)
2.6817845514594785
2.418030033788194
0.4110352576580087
4.773761584061563
1.0213161890474158
0.6333691452729612
3.3436793202873543
5.795519379169522
2.5821911539048363
0.8388247972727899
1.151561662413408
3.793409964618247
1.6757411836815417
0.8030538501578688
1.7217845523736228
0.913987178381613
0.06621211048478587
0.7623310314032646
1.8749019118677435
3.350593866414311
2.122860387411083
1.342513180644436
0.2303517032562385
0.5083296930877527
2.2904859884183124
0.15761699681500532
1.5061770587041663
0.7312617369719764
4.465981713592563
4.51630293463214
3.1998917342499755
0.24557933007153573
0.7718795635580308
0.3268355522919293
0.8787586911597727
1.8001341122165104
1.321057219154279
1.0436264750439934
0.2967262884840698
1.6502228440306093
0.2280400020960684
0.9764429390150133
0.37421126256614984
1.394085296434198
0.73484171623088
2.163360645860055
1.2970035541169653
3.0628863761040113
4.591147420202299
6.508792030926913
0.7077876970129774
1.568637142083127
0.21576260903798325
0.36020834276067143
1.9085297453431669
0.05334766993617022
1.048287802281366
0.5334509043135194
1.7969293365263899
3.2575481949863785
3.5231161343920796
3.416239049730852
1.009006248370001
4.367243639538554
7.832991100984385
0.36545056250720676
4.616982642290839
1.5944191425077614
1.4328374570379632
0.9551930581528606
1.3703005527996113
0.12941169698355898
0.5743068394577828
1.108626997308027
0.964890575929756
1.360258597695198
0.07174807658342701
2.968907835530586
0.7449492449234107
1.1772259683874626
6.339610015947712
2.4337783939788444
0.15124329657923036
0.4852520732760999
8.711767743376551
2.4305641631948403
9.249654442267625
0.37877224118321995
4.407877472315843
5.713500269429901
0.03656554560275492
1.6154562394390855
2.2889376262379697
6.031323523619206
1.885293622485612
2.0100304748866153
1.294509896758848
9.985944472363956
3.8215876910513926
3.1223764957745876
1.63966915086438
2.392648483198455
0.9777118804064574
2.5074986708155476
0.18942809286854836
0.07775203208431487
5.645748529213841
3.130270660497805
1.1488689472316074
0.5210153812771288
5.496987305670743
3.376933187488688
1.5673690017626494
0.8048671400827387
0.2033392773552881
0.2854949732152085
0.4619598124486528
5.885060156246856
0.04728152071290337
0.973476309936044
4.904124400622401
2.7335421700712526
0.9536405491302026
1.9057013681919448
1.612168314991752
0.43485716182589573
0.3870943116586523
1.2073919707032432
0.4652489469762721
1.8027799576616288
0.051698796315014076
1.0045275444056636
0.06567048348940452
6.247690820370928
0.24955642098990324
1.1618625585318252
0.674756006723537
3.294331736666371
1.2004383044135292
2.4807347556413375
4.498458793173302
11.497494440741864
0.19557845651241346
0.798257505443221
3.1692785946657795
2.710997482569434
1.528881200323123
0.40108367731482314
4.280497111323267
0.06549099860554353
0.11544728878910715
2.81577079247696
0.8901323855410096
2.042760719750234
0.7210121337816073
4.88562398349101
1.5101903644373482
1.0603879581974633
0.9352904699311279
0.7340409088350859
0.22996583005943214
2.8438413373616513
3.7520962309780574
1.8801070005907776
1.128353831251045
0.08054270705052008
0.6835569398935871
0.6064239439063976
0.055324073628046505
2.635454211791913
2.698292931648587
1.722938359776153
2.438714362507609
0.858173679015521
0.09898158538354347
3.747959689631945
1.3157620827969678
0.7784609157859661
1.4137715827989064
0.18041001682505894
0.6106116280210083
0.25072558904881914
4.382713865221575
3.261695926220176
5.445184077828521
0.37429959169178906
0.07578038082662458
8.538679020469878
0.47333506935183084
0.6353722556507453
0.1926104016994034
2.6158133188191446
0.6715688331608815
2.875824835680607
5.153170382778998
0.588194376880316
6.330055451903996
0.7145089003325732
2.5213511284377175
1.4372442783595907
0.2296253070148944
2.8260334567367
1.5171881990765421
2.070996423538014
3.3174570914262396
1.49456705321415
3.4115636555922517
0.44876991393248017
0.9728461337018142
2.523692927768484
0.0545265876324138
2.1268174720086783
0.7972074192689502
0.6206088067195742
2.6543430303025684
8.885456248961434
0.22719787998679455
0.08912355428011423
3.5412321479967783
3.7467390645129495
1.6755718610679085
1.0297691398087592
0.022157026761536313
0.07437364173001934
0.024443079502291885
2.8083512425119728
1.025377377081804
1.6608264195555997
2.927195086383822
5.455158187802676
3.5589302259235622
2.0519225514910047
4.860343115540434
3.7844109435592492
6.217735419459308
0.9467184300484096
1.4156427238350162
2.824841376556855
1.283582566079292
1.7139373152752166
0.8335985241796815
0.139413638828637
2.080920134286993
0.8765401107989026
3.0381276245539364
0.12396486353761209
0.9635290995369323
3.6808815648789452
2.7169610665451316
3.6757991520761357
3.439241914858248
2.363125872261712
0.38942697763456563
1.5658864551759526
2.5662487200717363
1.7394066469935308
2.638032466531848
0.6193580390238083
5.667864806684621
2.481076075755127
2.2586827259665236
3.4127841802509753
0.6072007761277971
3.426850269551872
2.4047392263030316
5.7478591129877765
0.5605243040960725
2.02195562026967
0.8434073067358883
3.053540976718552
7.651672754794806
2.263811894029652
0.49932453764710427
0.3547975142438248
2.106285225496679
0.33224901170352944
5.977555986477074
1.2997365948055546
2.7140738001552864
1.646157828273123
3.0133852323173396
0.22506876886457797
2.3935001323981226
0.11252296339086619
4.431160818512666
1.6887263130871448
1.6263632988727759
0.6865733842829139
2.1282926278181606
1.4165420891984346
5.305730751775461
2.3357224373062486
0.6432105097835407
4.490304919626954
1.5420631937691982
2.881695784884821
3.5977554866283064
4.218721169811677
0.4119192698381228
0.751840710358618
1.9380327331842522
1.8748196422528207
0.6336520555189129
1.008507367301025
0.17544450236027
0.16803821934660207
1.458897553214189
0.8336530395188156
1.2151587389239438
2.340524606378816
1.5814608142811122
0.6537445087310414
1.1859444236293317
0.9164462131552388
1.4386813169204413
0.0963276705258977
0.5060165660804702
4.0684005352434145
0.41132078254380333
0.1720363013635655
0.40506928528941494
2.1394185808338335
1.9998393279677997
2.8276240843304774
5.775381150165875
1.5012926646342568
0.32390834622907155
0.5258187019868167
0.8243786253800313
0.3316589963447867
0.8337179197367629
2.998178977174801
0.4384149237328877
2.001955055813513
0.23292837831415114
2.2387576719410665
4.774066049559222
0.6297004267790972
4.457800452731075
0.27803125499793496
1.7738350048972704
0.4966119759626959
5.891278089048556
1.218208632967817
0.7804810507081507
4.088069588501846
0.9938525989540256
3.889505023970144
2.3815266887944833
2.0141536910293834
0.9574095641797882
4.078614108640465
3.376684585660094
0.49370329498105064
0.6684976261833028
1.5784103335598745
2.5316750316953014
0.7357472826066918
1.5192390197638737
2.3325855735054613
0.2677869548046591
3.200556798473698
0.4356085253840196
0.9631230319258204
0.873973081475666
0.7650042210861324
0.5799800184221332
0.2535154117018564
0.16549437701320488
2.7291514808478494
3.6171659303671344
0.21879489839063596
3.18094489089493
3.0104716938017306
0.4331876180616969
0.06895394099042847
0.3379136978781791
1.320468053671528
1.9584591028390208
0.023028607397968616
0.6128631484370272
0.9269507023877094
8.996443516295512
3.2675454443199867
8.611350811553388
0.19513654191397076
2.8839049886009054
3.5319342149330075
1.0806196721904802
3.188095341396231
1.2083244965038806
0.10302516097539845
0.29257639493614973
2.8119533157640575
0.17508999708497278
1.835631587419745
1.2962058271925267
2.248028346831354
8.382880070315647e-05
2.3613365783248925
0.6095859426299863
0.9564069990622361
0.7452506042935497
4.5266027544103045
1.2443010769941478
0.005914016473813055
1.1484418300452397
3.2511944126307997
5.891100725919667
2.217613092345192
0.5870877013475786
7.392728777043262
6.04669159852006
0.840118117191505
0.25142773284844366
1.6476583970346161
0.9422268575419768
2.7153219986812194
2.599769686784643
1.4889760542191541
3.036760107180764
1.579845056289126
3.815933081321778
0.15814066993226386
0.867880178721187
4.724909925420068
3.289018082251939
0.37470182302027877
1.9755571332971487
2.6933469520685547
7.517053354440774
0.7854427570788527
1.1230754099746874
0.34776785004306493
3.5470873835569185
0.5692530162470845
0.3797348740852819
0.38687544733170265
0.5850817064840867
1.631235935175682
6.097978059686111
0.8792393271217198
7.323209733657976
4.9104824200917685
1.7874774123808372
4.227603084272652
1.5882224999115546
0.32258476431175104
3.4955936276651167
0.45090506482498954
0.004884496660941495
6.578435507550376
1.7200599012855984
0.6919185339743382
0.6248144013157296
2.546576123357097
0.423859000342897
1.9815893627625523
3.211365653464133
1.3162096273689585
0.9804869439955866
0.35409916062525587
0.8190028581224651
4.974940583146726
1.107268434693904
2.1333783854513437
0.698994715030555
6.199491393479516
0.8390546546610925
0.4674705806509051
6.429931964901698
8.35188328700121
0.2288216351908526
0.22091666528996867
3.4679038615878572
0.16143990783978882
1.7997703144114385
1.3115243650345496
1.5063380461158604
2.187232381527539
0.24603416431239405
0.9867043200437278
0.1398321239103638
0.9493862427225038
0.15622931653408606
1.3263241290795196
1.4893272682376175
1.1196430988772967
10.259112564466527
0.5288569488264084
3.9377048665218295
0.11533762523777744
6.233762205249995
0.6900975814200724
0.5264068210349071
1.226315974105287
4.691894784050385
0.4177334643330353
2.2712778352692835
2.4897780774991483
0.7352258035245869
0.05715143518147618
4.683747613663769
1.6589629238959511
0.7909982109319207
2.568040245825053
0.155934462202768
1.0123452509807853
5.164336013859617
3.7316893923522465
3.8862593472524614
1.5705048387450633
0.18805227969820937
4.373442789639945
3.7770914371646707
3.104927002451608
1.1134202584139017
1.6869457941483832
1.7430905682443814
3.8629122502124966
0.3864826504824226
1.470233889722464
0.2883695528138295
7.005478430001874
1.5630822802251405
1.9970818417989988
0.3455821212072856
0.7359277917490323
1.3043017337469927
3.6496187937060425
0.7637111024848883
0.21968816966778668
0.5056030524417182
0.06687231074620283
1.0508026421672203
2.3184030156340185
3.0191574376016757
0.44793371837290835
0.41690981814218775
0.9091043987843141
0.491614663134386
1.443193704442599
0.3214212008793796
0.7285740809798823
2.838033947035522
1.0635980725011043
0.8427638459301544
3.1906881725137395
0.1327519060576833
0.4324591277026978
3.8584456374613993
3.029215236982888
12.305893977315634
0.1250229151774773
3.4932352475383195
0.3634920476689929
1.3404069703333799
5.725336603846195
3.107765351302256
2.7118248711099087
0.5374442562267012
2.0012624162101775
3.904711814860533
0.11029855437908823
1.329044110481278
5.418446803839994
0.05474360988526449
0.7851132798946434
1.6372290225940502
3.8520595680992122
0.7323870907540794
4.666467324317843
0.12537072827916346
0.571348050290239
0.6761718489669631
0.5219997904406064
0.292867095159399
1.5146129380188718
0.41770860351319905
4.411313143743292
0.7123038237573242
0.5722991397175272
3.1081294854963333
4.390369541369825
0.17370352116605103
0.22967273202534022
4.415958566273423
1.0574770194992535
3.420861301317097
3.1723969332761364
0.14687907061800665
0.8225733349422663
0.552922008399981
2.5307445919512137
0.5076859088269523
0.8028681028389422
2.121090678984504
1.4014054537429794
2.7799742207853964
1.0400622051396546
3.3538936724816377
1.6029541041331286
0.31254381690783084
0.8375784657503446
1.0141965459986462
4.3799739893759915
0.392806679311538
0.9575695488174035
0.10595969364829794
0.13703839760145622
0.14127642098782026
1.2531398859004472
0.5235216771256265
4.572807737395302
6.213507215342815
0.48083829730015676
0.791276387996966
0.10888629978525212
2.3788433345331343
1.4064105284461608
0.4797436104670956
0.9919428504787101
0.3285629727141205
1.8591302164393388
0.33645280369391595
0.2986310068162178
0.20410090559992902
1.8428756685490575
0.1924140960373047
2.34815971013368
1.0420714786703444
0.04054726924467812
0.8785977659650771
1.0470898716759
2.037824152351792
1.3325841510978886
1.4242566002556838
0.778439035244065
1.2329555648304
2.288668230872497
3.3129054580233013
0.0255050719658008
0.9581726136209132
3.5073130660248584
2.1696961289927357
0.8610672362233177
2.865778726037494
0.2211055092080127
1.2304345833790755
0.7687971168380643
0.8204518710530753
3.6434797760857527
0.14052863516367478
0.33498547326188205
3.8484757332658273
1.1257722446189768
1.2775725567876217
2.345035166025105
1.960477535627439
2.700357566794826
0.9198111771257675
1.694347161867676
4.596719678665394
2.9640737958973364
3.7737244476901965
0.9256629846886796
1.180457060770947
1.8702649875970598
1.2060345378442137
0.9278616637473176
3.0603200313469663
5.778275079354401
0.07715155489038372
3.369260062110123
2.838168599059879
0.7013841287613325
0.02857088462550578
4.181608049425214
1.8205872204946085
0.31137923669260137
4.932187704088084
2.769899032297131
0.9764401921139484
0.3745104812801842
4.55312607637047
1.7524317556293463
1.0480523738237124
1.2064268905593996
1.248954111899927
0.01401580777803055
0.032016605630213524
3.1183725017251884
2.7279690188568786
1.8323715923242352
4.585894637411754
3.843192188356035
1.1418051682267965
0.026283549302150093
2.44982764770428
3.2343468054560573
0.9673292168234797
2.424645291031628
8.596225679601242
4.735226846783256
0.2607809650960905
4.4378483133360085
0.8881599166849632
1.7411269051871516
0.5240700997763247
1.3500800592491595
2.931558100466121
3.110188843454386
2.8942888466243533
2.9073460495866845
2.7660371317130887
2.412174202178352
1.0279296961843851
1.2781853665869005
5.355499466833266
1.7315566864451728
0.14518410691140168
0.12461089371441379
2.280918163101151
3.7217004443630364
2.4567398884909717
4.039655567085108
2.7051847359230194
0.15636502621001
0.2623087447616614
1.586973684374856
1.1964243305927278
0.7115900663202613
0.7095755371158696
0.7315497988358324
0.6128792122952313
1.051930987362914
4.035611195388376
0.7510520873480401
0.8041121614590161
3.6360424182345468
3.2699133458909753
0.9033062672203683
1.9046719166993218
0.4194027565201516
2.5660518031164563
0.8123935732801518
0.9726426909318546
4.404381323953915
2.557146652729709
2.0799903563655837
2.3950393753014705
4.793890712985896
2.892063991809163
1.2426961921987754
2.973748913461464
0.9057722090462492
1.7587649611382516
1.5689336906324185
3.150328957167095
0.4802773203618829
5.116113868081751
0.11440356120884872
1.0574932530839307
0.11472577988879147
1.1985149416237733
2.090527472041
1.9892850103034132
0.14664505875328845
1.3045072359768832
1.860878230075295
3.7159971685494484
3.7711697844799534
1.7542054126803772
1.587974431282436
0.4357444627807235
4.212591493280452
1.5788001287031235
4.034725215005017
2.741187720114161
1.4139720084652385
0.262688412529181
4.045270334113817
3.4945492337459934
0.6957147060045237
1.2802805658960383
4.867780777123365
0.7683753580063617
0.08508647761294454
0.6069323189758549
0.0070492051653251436
0.5946796742633549
2.223818223430493
0.44542240235932856
1.1317066824281359
4.786334011450897
2.029832912072105
0.1104428343487751
0.8464618267099192
1.988956533102766
0.6891981471810844
0.7620587537260074
3.686230579229672
1.5499080753941958
0.43168523669235526
4.302298049377945
1.2042801461815866
4.2596055794023675
2.582725591682475
0.5319606689331288
2.056131338501094
0.391017802229285
0.6401027294238465
0.9060980610440029
3.789135830759313
1.587280559359552
0.25958275044850854
0.9156105593722703
5.356346736142165
1.37795694999225
1.5233316656889127
1.4380920793493452
1.7611403853757805
0.41238748601002184
1.2611900935141727
0.30557235673297845
0.09520690463758158
0.22139837130386236
0.5232113019914566
7.682191383540588
12.664123239582032
3.5257722842105124
1.318826343002324
2.4121405540967156
4.046612520016854
0.1520213291711797
1.6886557313670256
3.231306837897907
1.3405936454048195
0.0370425881667334
0.6488447207428096
0.15675032976024578
4.306215470296431
0.5994013886361779
2.1720368964030574
2.0422324261848863
1.5671065714133798
1.5411079089825976
0.46907853940384303
2.4364780787399316
1.5466942927055984
1.6733930535494541
0.9478637998061012
1.1646615039546862
6.097955272025839
0.31570698452048074
0.8845618552736896
3.7661484785476866
1.4031923243902384
0.2100792242334526
0.24939170595549973
1.8143939892871543
2.8689005556595046
0.09876200635081953
0.615239786994091
0.8209571411969118
1.7885863251417298
0.28955739681333
3.2912311325021117
0.3774346463654542
0.445649071037582
1.299206030376313
2.021451173133046
0.7530413767682921
1.8919212387497732
1.7656941738013197
2.621323586208166
0.4885600130395062
3.743892184856769
1.4060504225185175
1.6328147052890454
0.02805853947245773
4.409505624393094
1.1401173787987116
3.012385948115693
0.10169421243459402
4.14744162190395
0.17461099430319132
0.8751001099258338
3.3133380177655973
1.761531739663866
2.5765661898357166
1.4786145987951362
0.3854370724570318
1.4641433671775324
0.0299501138136798
0.18509127720318197
3.062464962083986
4.039969311355049
0.7597479196930512
2.043837515668135
2.6529978498924156
0.15484967755134135
1.094939585603331
2.629413170131663
1.1477527950168873
1.1942817088547073
0.4481318116272256
1.7721585183797885
1.3697057729521391
3.7652004836197905
0.327982616504959
0.16843956534422502
12.287327817083655
0.5609306836997514
0.05439093870271063
0.30389573231533823
0.44755741354064815
3.0711977312055057
0.01855694856321302
1.9711007126161963
0.3068762060402685
0.5011769739811107
0.9993858003236155
0.07128585022909546
0.08711765524241052
1.6252114736958345
1.4996056854096487
0.2039474624814664
1.5910166337308662
0.28095504536158444
2.9662756344177907
2.7530070356805796
1.8959078061084913
2.349778806152404
1.582988907672018
3.014162473076361
3.6159893064872675
1.9316436090134874
3.4550764511607404
2.1384957455304403
1.8490038719818842
0.11934248283896158
1.749545433784522
1.0524067423571546
0.1579721546192066
1.622946291630904
2.5780948664011962
1.1339138032188472
0.3854552059463716
2.517556603943722
0.6094332910640787
1.4626183227868554
1.2766827695557204
0.8791381838113926
1.5193821842264261
3.3615949909125598
2.927366960828326
6.057911656759859
0.2517397267058088
0.8561114226674249
0.12599466467807724
2.293782950062896
1.163300377632142
1.1226513454530245
3.939093412499395
1.1750689079950727
1.0032909297220176
1.680146494253956
2.10421882070705
2.8852454134024246
5.128136756505977
1.0259276669891941
3.254794677074387
5.037128088196457
0.03339211407568257
0.23252589847141558
2.0369962415301752
1.5057414820803712
3.172431301989841
0.027394239578879726
2.4026345022168045
0.35927817293104186
0.5822005234954731
8.173039948049471
6.577379351551789
1.6415534753961456
6.970563089614237
0.17037962683482064
0.06019266994613946
0.9797259743995937
2.369155850474074
3.0934542712224884
3.9915069300961776
1.135235240232369
3.6987681530642047
3.0315538804982003
0.6583771140536251
0.2805828236937743
0.9137716364515367
0.0897035913363001
