# Distribution : normale
# n = 100 valeurs
# Seed = 2 (groupe 2)
-0.36520220370960976
-1.1228231296239433
0.384944885084333
0.8357741878376985
-0.5688472657663597
0.5887396195606698
-1.1483188375084437
0.17989011561971135
-1.0060339888168435
0.22792386751797383
0.3798317728774337
0.6119224111814877
-0.7715886068232726
0.5107039565581485
0.9764348006015898
0.35719686269650786
0.15654910193102156
-0.6235257831774799
-1.0242725626144822
-0.999152454141788
-1.0924053244289937
0.8025245906290426
0.0008969803591877646
-0.4772584008776094
-0.8406306292206411
-0.29750531495179167
0.8979791640914695
0.09385277158190172
-0.5924616811204222
-1.4993130418897562
1.2951475454662866
-0.10626874000875067
0.5911249441233793
0.0923891929035003
0.7007823850976269
-0.29059931196978805
0.8603939372086211
0.3583802889219471
0.3141865712892812
0.901356437351386
0.35583366487946044
-0.6986610807219001
-0.19114436588815648
0.8438743820921331
-0.4943360580765143
-0.7348979440991543
-0.8448665247177354
1.31139004046646
0.961147000597246
0.47717071835924196
-1.172659865690645
0.3152936941763228
-0.2881401878947808
-1.409511403990356
0.5009023303692128
-0.09826395359234424
-0.7497889470276913
-1.796557596372903
0.6636099286604609
0.6479889343820568
0.7095641334089031
1.3264026793517867
-0.5892838345325523
0.4369201980564117
0.12279613546157007
-0.6217139125992192
0.11285694853345393
0.200066995971966
0.07414878893661994
-0.9414900016678309
-0.02756038965470194
-0.33334358483130133
-0.3599611486089428
-0.24116357758502427
-0.7627178467175194
-0.012253500882432117
-0.20213365968754315
0.6344496704334648
-1.4700693420039004
-0.5408149435341679
0.3500456198672741
0.3561535175485305
-0.2911246381475191
-0.41869945688864946
0.05661989503923069
0.9633937294816033
0.0530750279220794
-0.6772026732998533
0.2611423667155037
0.3403041619087759
-0.04068051274861623
0.24722833065903171
0.41708232590541866
0.268419459974229
0.41107216770932453
0.8226878965045719
-0.12555896862498275
0.05594415361664351
1.2879118242747485
1.8529715656039933
