# Loi : normale
# n = 1000 valeurs
# Seed = 2 (groupe 2)
-0.43497088519271165
1.1480289968649302
0.39573497717382117
-1.509064458474672
-0.3511113517610359
-0.10048485244013067
1.2219322845367344
-1.4418293033374723
1.0717273878688882
0.3869350040628115
0.5002299310610367
-1.4052942389362522
0.8205849400141867
0.5116596525119189
0.5719741249769711
0.17077479423599895
-0.17299175123997285
-0.5928881082494236
-0.8946047070607133
0.8418569848080751
0.49170827676062745
-0.8617672352603922
0.23927950607326104
0.5251854021129377
-1.095222016743259
-0.20165957244717736
0.4995971449306408
-0.22805074315178936
-1.5712873298784267
0.8434561418684716
-0.5513755500861013
0.29506501023061177
0.10970579069192712
0.4196521853781512
-0.590478174980603
-0.39229374919029836
0.15618838128319082
0.23374790828063144
0.1547710018845274
-0.6383612966188881
0.07168714774535817
-0.7382380323713275
0.27324885905173146
-0.3015775052966911
0.03249785147911116
-0.940400592419208
-0.4750309554101205
0.3832813795055466
1.477958215839
0.6543711700122878
0.3859112952115844
0.17662652506029403
0.3483457879896805
0.4178952262380028
0.47408225151705896
0.08706599867997367
-0.7658541753340031
0.5128857637857196
0.24129414378209868
-0.0655670958348811
0.12680532289365176
-0.9338989099928015
0.47310740520905603
1.4791163756611605
-2.090332393840355
0.4142863723530316
1.5884020996865076
-0.42820100712413245
-0.8368615425387358
0.44661856549782486
-0.3058461075898689
0.22124399956115004
0.5274530765528218
0.007479949758211077
-0.16912795964670646
0.1111642762985883
0.1316973714791802
-1.2677388082646504
0.24400999685663977
0.6264243674069431
-0.5794116381954206
0.008456159562094093
0.0700719098753569
0.3997410042074266
1.9181180164190366
0.9079780013480908
1.7582429437313434
-0.39073790093400573
0.6633793204904896
0.5033719310680553
0.12945503090565608
-0.4965570011446118
0.060309786069544735
-0.3693692349195392
0.16629299063613576
-0.5160026167790706
-0.4852421133111766
-2.3693782687308795
0.008488849352624657
-1.0984291003459217
0.37061642618647284
-1.1002900226377492
0.4557301901998785
-0.6498969429629056
-0.261356203928917
0.1595194207037969
0.7757493917536918
-0.969944866562839
0.7620072713075785
0.4951672665332595
1.599430536608786
-1.3461236820113907
0.11589790317861173
0.540271259804067
0.3249202311759608
0.09060540619012822
-0.23640431350414726
1.7195276438903906
-0.054660679350800885
-0.7396210739675297
0.3798969867658961
-0.9604925321495171
0.4249074352411534
-0.8169934683444608
0.5360666916461956
0.31835152757197016
0.38258474355483874
-0.6604138726389435
0.42893710820167574
-0.3654228844058119
-0.1416983432393473
0.7457273492781971
-0.1182866541620554
-1.567387472757955
-0.24060834298433886
-0.8054691269413148
-0.6150020370836988
-0.5982199998810764
-0.796119381813961
-0.492434558357556
0.5780041475300952
2.535040579135935
-0.2427123552754893
0.31117205173198015
-0.7008706824127879
-0.7248283526425021
0.06626106742250386
0.37593020577328395
-1.5016753374535907
-0.08078193447498871
-0.13178082729880658
0.6626636891463755
0.6442633707992989
0.6068721094262897
0.38719768354558626
-1.5019178186893156
-0.907514909222459
-0.2824412089090558
-0.513597724850234
-0.037098834835603445
-0.2439831319614021
-1.139708260646854
1.173043423227622
0.1469816694164163
0.4619915708875975
-0.1461940912755908
-0.5844701617636446
-0.4558874207260676
-0.16872056113638512
-0.8401038184022873
0.25739838592455133
0.9249404270071824
1.13827883466587
0.27387446462925324
0.011951221451403189
-0.41208621806936596
0.8568858949940943
0.47204610270199815
-0.7292952644610938
0.19654963377429352
0.5046060281015445
-0.0007938609373597818
-1.1860913091513774
0.6468064878441178
1.3986423989337724
-0.3969265938830516
-0.17282410992085517
-2.0965034616933558
-0.5031824760238929
0.5972514090079014
0.3275182503342901
0.29939559978655317
-0.02177638136867743
-1.0291610006901664
1.3712727937094655
0.34861203709291744
-1.7317038029590495
0.6318328548808207
-0.3234981603941316
0.28611630980800007
-0.26730357059912735
-0.37077067816741494
0.9204385983317571
0.8975961846335726
0.9824980522108262
0.7111343430675687
-0.8734929423494937
-0.4383125735346023
0.09033523189788023
-1.189497659563062
0.02096911215337919
0.2642181484694644
0.062009579415244265
0.06036775579883437
-0.00629775869413578
-0.6823793447517201
-0.2916777772003948
-0.22050183201032722
1.2818391038768435
-1.2753350910569667
0.8783808463246238
0.7069219945874147
-0.047325559309835626
0.1143915715322241
-0.031132408615602326
0.8448406039101828
-0.040870278097401104
0.860636300909186
0.9191378631612237
-1.6735205544170029
-1.34620077085877
-0.3280308445262512
-0.49786622434729944
-0.5057739433513612
-0.16355818255290394
-0.6137143448232038
0.5987110898588417
-0.48657326411886825
-0.41428828122834876
0.5138375062413406
0.2321135045023801
-0.18310345200059283
-0.8153075383107695
0.26187515339937906
-0.2223071895828161
-0.13273242953979317
-0.5525831896110565
1.1054701678822054
-0.21969078567539854
-0.8702553008310907
-0.4459186176307241
0.9695718326985269
0.04257299157507144
-0.9129685415059416
0.17990715660624068
-0.6504426114547279
-1.0486666704645822
-0.5681977356980816
0.47685216935763797
0.2686952649385458
0.9963016358994934
1.3018495537293528
-0.49473294887249064
1.3040747971075297
-1.107867964308005
-1.0714599987539675
-0.3840094983049594
0.9629639836070671
-0.6828653961032947
-1.032425895093199
1.1554754044274407
0.6532629760103701
-0.4578321970242081
-0.4266053082712379
0.363738193350441
0.3119826918821061
-1.758004615009259
0.5734432240619012
-0.030709626678032766
-0.961373319571817
0.9316206973470735
0.2397850059534936
0.5316522960386978
-0.06836655493321589
-1.5557429155293963
0.8303862712653597
-0.40177852650009793
0.6002884613832923
-0.08067153223197678
0.8924211916833128
-0.0782181707976333
-0.5454378138684227
0.187117716043304
-1.4469244373739183
0.7821344498005277
-0.8264463322837069
1.3422985387554156
-0.866450673598244
-0.3293271821904299
-0.16763897843677467
-0.4257250663706835
0.559359952857737
-0.5789308936608643
0.25896674123823493
0.23387302577398794
-0.29377361829694915
0.6647846653862104
-0.10668149059412291
0.08532189331240024
-0.7185230088500688
0.41449093961461425
-0.09067713773327554
-0.537482339005335
0.4206202602906661
-0.8593123958565475
0.16795254002076349
-0.35863645990071197
1.3740570136585237
-0.48096579250378946
-0.3043712696397454
-0.47579903918133043
-0.9426443700992105
0.413106426883591
-1.2353224318710263
1.1341111884240067
0.8800302543951994
0.3376169940210745
0.06753371354935309
0.6747779931585619
0.43189685569769576
0.32405402277767675
-1.291107331867034
-0.15159034696428275
0.7155779461136441
0.3243618029469085
-1.0149218837108258
0.5185129595925438
-0.593584168829408
1.5729984621906357
-0.06690282337473859
0.8889254273305671
0.39398093254674116
-0.10242953436890037
-0.43277741593455354
-0.4229661070422428
-1.4608521628079438
-0.727312927857635
0.3762582056748921
-0.3281460041199759
-1.0333606329749265
-0.6700448150213945
-1.0873943661212573
-1.2858301067079663
0.5037740709833316
0.37271379760872025
-0.5888224726496301
0.6884969827705791
-0.6430931378545239
0.7488650271782986
0.8485022094115815
-0.31914280558626756
0.09899967359499537
0.4724945078685989
-0.0683710389780215
-0.3632163980475001
-0.5514151944475469
0.3782986358268753
0.1326073395419023
0.14365003335015405
0.3847647668536486
-1.412493373804523
-0.23026588428677325
-0.5216222928127489
-0.9937880316673272
-0.4226649920352886
-0.024243396856045804
0.09047053004690006
0.48967796409675574
-1.0490867891885274
-0.10634385621641544
0.5848939087007916
0.5555734780877483
-2.0617667894100773
0.23935807931480885
2.0949681891548724
0.2332114257155889
1.1019371993152374
-0.8595788813624057
0.28348110306956287
-1.1503601400928614
-0.13277311681931028
-0.23831803900541657
0.18352404058925623
-1.2486313522756025
0.31246061141919745
0.8634121446636442
0.1796187864143618
0.7559838227400051
-0.0027687688738268013
-0.7340925294153995
-0.05658970504058161
0.6545627612786215
-0.5704578006277309
-0.18559230270213017
-0.7712331706453113
-0.05481101860165584
0.24482443471479098
-1.1520241841496601
-1.8197461221436244
0.643964909161577
0.3341145089940223
1.782201567844548
1.8440838036484515
0.02345831295311431
0.37073865217336416
0.6091356236840043
0.22275735692973586
0.2671197935759851
1.20724963513943
-0.6399066159406577
0.8188009436636812
0.1669899058795322
-1.147886806008782
0.2910627021339308
0.6737933179864447
-1.5293239309852715
-1.3398605925171796
0.376525249245653
-1.0052951632099099
0.8366028436884487
0.2970933980011954
-0.010272331098299281
-0.6044890862939515
-0.15984987406180973
-1.3518137516436646
0.10059457313482713
0.2378015891082444
-0.34140188412916084
0.2516673437010482
-0.5297585478926788
-1.475656481326979
0.6571912881407695
-1.7595382885398232
-1.3985064070115953
0.8907088120222291
-1.4482849751214628
-0.15098582377683878
-0.38851014632020187
0.6342983236417349
-0.10677363542071704
-0.004167649111569916
-1.9103412837587044
-0.9682679114522719
-0.3844907806080101
-0.5807552358740653
0.46685513824642866
0.05698812494929503
1.0073904259296556
0.9896897077413326
-0.49796239097223727
0.6886696430439954
-0.18397072685147026
-0.6326730384847473
-1.511603294726231
0.5048871013822573
-1.0290622685068445
-0.4941712357304764
-1.6979748546927884
-0.40101060707443426
0.044063119969993764
1.6835821123975985
-1.763723256541176
0.1184678035025141
0.3082939513311161
1.3891218971021584
0.2324824941898082
-0.6468762548368616
-0.8447065720805143
0.2584829491760626
1.105147702875485
-0.1167304794237972
0.3815356375688731
-0.00450963327715157
0.7267070646814048
0.28833870898824376
-0.8032698658243229
0.8983701799482254
0.6914056507467838
2.360678380212906
-0.41427146709452956
-0.5118278447561485
0.05877015946058402
1.2302857699009104
-0.5688449770355795
0.2992271799711877
0.15748627462337342
-0.3093502174989585
0.32983641827763377
-0.7567487424041718
1.1387718405786083
-1.1486096548569602
-0.20535655909456857
0.2731321296989153
0.638721653933209
-0.6717225431706975
0.588364630689274
-0.6226564941189272
-1.0867878867655063
0.551255775627975
0.5675563858303917
0.6304946083656962
0.3986743120773443
-0.5188880149346108
0.4358006318320151
0.800842937826757
0.6963862128828439
-0.08554628075269782
0.2780195969005712
0.5042962854616531
1.0844288206184425
-0.9758749604758943
0.11189681114381735
-0.26892034332673753
0.10057706383332543
0.29813940116349785
0.2190729959371125
-0.7730635732578828
-0.5994393927618148
-0.20777593907702974
1.3524060549535155
-1.223079761619356
-0.22599781614619158
-0.6497283232167514
-0.08796045402083857
-0.3816245388453795
0.9266504478324102
0.8477616854555403
-0.7296586925314299
-0.37809320841288446
-0.7216267766278284
-0.35090376747361046
0.0652208613593519
-0.36854972014693804
-0.8326007371743438
0.6420999571944477
-0.5766602891424758
-0.7098662483827085
1.255376027604013
-0.6309991569707469
-1.7980528049123412
0.49920241565713314
0.9225841224879628
0.004656132914142034
-0.16727454286401786
0.9213001685401166
-0.1497583927963791
-0.05593988654566915
0.192391078229459
0.9759866228450871
1.3520620605666065
-1.4020246915376995
1.024435108431892
0.5862895170856115
-0.5184489314208571
-0.19122755440931144
0.18420842296938822
-0.2720873131920893
-0.844692053448175
0.3250135815678199
0.5812296896784
-0.8229533519112171
0.15441882078113975
-0.21175658013380838
-0.7896497554849109
-0.717040223576216
-0.8676335429653235
-0.15170397299890503
0.25069697147288944
-0.599577410934936
0.519405543998867
-1.7973070932632202
-1.1700123247122487
0.28313297542362836
0.3363947395145238
-1.1050758484095156
-0.7367280983273434
1.4531043921874567
-0.2457300926611316
1.4280612575527838
1.7205989075223593
-0.06172126355450991
-0.8137108081491577
-1.1330887628350674
1.804490468340234
-1.0162796386396054
-0.9297222389514369
0.7019272814160704
0.05603914141549998
1.4661415401157818
-0.7414784490370943
0.8859781949923939
0.3677317471785003
-0.5850409613599845
-0.9940331814689163
-0.1955664513827073
0.13523709722466012
-1.6043523393807742
-0.9055297909833844
-0.2560931496392621
-0.21881620169074523
-0.7306690892621119
-0.2957633356088668
-0.9317793405792443
0.40105452512877465
0.09383595731333333
-0.3903608366661244
-0.45162528168715277
-0.5946183816412158
0.15364916379179247
0.023261368879378356
-1.616863709406669
-0.784264984778798
-0.5965538369355476
0.6359863931645531
-0.7870687259003264
-0.37849631229334246
-0.26715063972798236
0.4929619664300763
-0.2787749807313006
0.9383655160635449
-0.09487967353664079
-0.09453816301737436
-0.15148569044611554
-1.0284077968880232
0.28719873274990493
-0.06904472983905283
0.036369604959227975
-1.2227814332975122
-0.20356933986425021
1.073741824547899
1.4819899718277418
-0.20226192190187797
-0.22606104128057367
0.5934574972419858
1.1364415937626242
-0.9997799473638505
0.9249892681138452
-0.2903205967148119
-0.3908334760521178
-0.17410619109640202
-0.21811215807541512
1.069928925609176
-0.2926160896347687
-0.8836057648408548
0.5056157425447572
-0.7017167210614418
-0.16093094648003603
0.7188151292203471
0.5121701537232746
0.6414995617095748
-0.2642499020373246
0.5483847489484475
0.8570433227950499
1.0178195206852125
0.6490476242214609
-0.15470152032873424
-0.20711206796833903
0.36507551009494205
-0.051508869775986094
-0.8812880167339436
1.204797014013467
0.33710240856727347
-0.2758588832396718
0.6385260151867507
0.23565718763505333
-1.3922687507429217
-0.07656849569806153
0.4637421072681027
0.5132006747452773
-0.25069678084747465
0.29806341131611636
0.3755429584278913
-1.0288167745243597
-1.190103073595563
1.0520054580102354
0.23020164941857024
-0.112952606189678
-0.6384983822392059
-0.11427323541787598
-0.026223047908675863
-0.03278942899593868
1.1754817168566336
0.614233878801456
0.7473145955544807
1.0090932888219124
0.45752484587080516
-0.7495719648660577
-0.05194708779348613
1.1461278069952883
0.8524009407779429
-0.2402353769552591
1.2050613775346337
0.07881084114273335
0.5993801611426476
-0.949087557251275
0.5787762206093274
-1.0751812107436893
0.24559145845996755
-0.7342107981262784
-0.0683563439906645
0.17387208481735006
1.0613781597641105
0.6667713141696552
0.5877484052207821
1.221895368998764
2.1289498749141607
-0.2066951421296805
-0.03887082919946108
0.5906196703635925
0.6935857043705935
-0.41346857276065896
-0.28196885415055706
0.10111191319214274
0.16955748829091544
0.11304868576781579
0.9305600076822893
0.7583563772902262
-0.4399091026080022
-0.895395345416939
0.5175475191543399
-0.43547874416698873
-1.0230357766242022
-1.5767283295310128
-1.3685480897574962
-1.8629881627014844
-0.39482125051782135
0.6616978638602627
-1.1628498325054448
-0.7418762790765467
0.8366963350116872
0.6442223924070744
-0.21188038537480267
0.7111899841182148
-0.6515176255147932
1.2882260291856313
-0.2282812692455748
-0.486453427420134
0.9211034622488918
1.2165634215366508
1.1446801887069655
1.3174711243735358
0.623849953422161
0.4660903510133974
-0.21748465062387065
1.1879176402605567
-0.7452118142768638
0.619831813221048
0.15981310990799594
1.7206934539129897
-1.1503947788528353
0.5271547056227069
-0.47421391886558795
-0.31111050427752435
-0.4764369844710663
-0.3539694739034603
1.444002846993652
0.4096725842250298
-0.45831256002568554
-0.09006364884695522
0.807287786693935
1.7230619589368572
0.9201313354982288
0.266945184999623
0.13259529673768053
-1.0259044624330471
0.2992605370730163
0.5213396359375547
0.6342434101791021
1.2352017776123239
0.04153454970379259
-0.9094570190245694
0.26287703095974
1.0313533151111334
-0.24211604877398318
-0.268685580546236
0.5102618853153071
-0.8679881170035373
-0.16078336913132088
-1.0911721711238154
-0.019731746214045148
-1.7257912578382038
1.0081376206586086
-0.5716580027393818
-0.6574239042051416
0.5056443897942505
0.9684731998628153
-0.47113914514026384
-1.2736930117733305
0.35106722483657665
-0.6283371487389531
-0.953363299209603
0.8612215115208175
0.14583655781189298
-0.7072634735650325
0.20974017353137542
-0.0906562715711501
0.6153789258256457
0.6764236056599073
-0.8223423649346455
0.8945779881268754
-0.8472124698152876
-0.5995906460692255
-0.6149849376601457
0.5818759245172754
0.26615868780678253
-0.16117152034832738
-0.3949863390677575
0.632805360510039
-0.006312418085902657
0.0642537915993677
0.03829813689226611
0.5611100990352018
-0.9768585885630323
-0.25400204084248446
-1.400872481441402
-0.26462024715786636
-0.26117658796688975
-0.5396408225864852
0.09158404186959307
0.00482612498659888
0.6032870959779715
-0.13970516189466156
0.4728940275653708
0.783612099147837
-0.16065999374685958
0.478784670213781
1.5545277300877083
-0.0431778250765714
-0.18217736579258167
-0.38976479210009074
-0.45562459865538824
0.35231131300118174
-1.8175126177220293
0.7056529347359136
0.5100198656100219
0.4067555801112524
0.17337240807808507
-1.4304811563405917
1.1099229533742374
0.25520041814559674
0.29930390193593565
-1.054416392436124
-0.4960100967895546
0.15466023675050458
-0.4869438774645325
-0.7356248421105728
0.9746994973038696
0.017001838450191254
-0.5420084129295644
-0.7694955397664671
0.2208574918814088
1.3381002442902177
-0.14757620256166457
-0.7328588585036957
-0.5997363641796802
0.35532542505895004
-0.42793562891394676
0.35357843907952424
-0.26917513813208566
-1.1777537018260535
-0.1987921145061568
0.264669138507615
-1.2317433518266576
0.8401045624672281
0.25499478360843764
0.19544525964063766
-0.42648744207714795
0.7092099630351305
0.03240608117399518
0.04055337108527113
-0.051328710879368404
0.4612460086966269
-0.8997872993112803
1.3344294744559257
-0.6745317768110982
0.23532262054955733
-0.6386947352634904
-1.1170663107513232
0.7262830232145103
0.6855473562204969
0.8136669028131343
0.03400243128475334
-0.36179158182215526
0.15047752733110312
-0.029265844799671974
-0.5357818925373766
0.8347771375420079
0.83246886118824
-0.006283917513689481
0.8884593314070448
0.5828290469878687
-0.330947924181153
-0.30623742850620617
1.58485631731508
-0.3242202219257586
-0.01795512479401856
-0.7655452472369157
0.7082634652720234
-0.047625720709026625
0.9125330460935057
-0.46755141630380753
-0.9910436461928753
0.024878691464640973
-0.6870343138982327
-0.06309478197067377
-0.7454942255249672
-0.6930957850838801
1.2066547311215867
-0.07013392383201458
0.654269480698626
-1.0186965077709087
-0.9277808014272435
-0.9103945511889102
-0.06508940208200605
-0.18489230694511208
0.5647390080068357
0.23419279213124508
-0.26267567860273183
0.31722629510557143
-0.9028307385501242
2.0347181683803384
0.6646096824984282
0.516064785334424
0.4123923294772195
0.40967820800946675
0.5568532602892856
0.3962969478693531
0.31790280375791247
0.515530802194939
0.7980764966285886
1.1191740739005334
-0.25034322898341693
1.0115979865267433
-0.8979566753742285
-0.4605364878597247
0.5296200201472663
0.9330479286824866
-0.17468198571007626
-1.250574688767893
0.4921722155334455
-0.05225093370134567
0.22575684389234218
-0.17317894249880564
-0.4912952421792912
0.11908592169083915
1.102041446262923
0.48494643137942883
0.31592490610776885
-0.9093445235247478
-0.7017131697298064
-0.2779532851886688
0.40661474335474873
-0.24579246137415223
-0.7165609237132854
0.6065702839516154
-0.37557447910092107
-0.38597838926719874
0.777235679612839
0.5578160415949494
0.5108920072526523
0.8845269928453545
-1.2598470634461825
0.3386407378449089
0.1709399420798276
-0.1450388814575945
-0.19173376868764402
0.7706632940426511
0.15557397730957886
0.8834600816819153
-0.09469302740054172
0.3532254416080644
-0.6398841592737785
-0.2804197441466725
0.07698443786600642
0.06884605616457828
0.3175135355631381
0.1751502445429433
-0.38956061047530954
-0.4449139273025635
-0.35476919999656226
1.397494631385325
0.24783761327374693
1.4116969096914698
-0.2541560183237488
0.4544963493787664
0.8154758173848414
-1.5948333013082239
-0.35522248079916635
-0.8395981915229909
-0.3220230794500293
