# Distribution : uniforme_continue
# n = 1000 valeurs
# Seed = 2 (groupe 2)
1.5232242684986328
1.5969822868282466
2.6284514811885606
1.1838318842701938
2.200201051931308
2.457121053623589
1.3758021467332069
1.1102932546661364
1.5499387358120762
2.314866029751185
2.1245313255608558
1.3001245266106722
1.8652615816095743
2.3385945971490405
1.8455693465402556
2.266368798548233
2.9348719049873533
2.3661296446192503
1.7832496661600523
1.3745051394401961
1.6919213311434662
2.022131947139154
2.7824188190011583
2.551127884945379
1.6362932012307487
2.8484337930136485
1.941819770831515
2.38751768440446
1.2144146169071761
1.209087116865883
1.4038148950589007
2.7688993473765873
2.359622922969167
2.6984726472288694
2.2888725384110353
1.813084795351073
2.0331563882499935
2.1868870355118126
2.7242359698152563
1.87637233231825
2.784480219933286
2.2274338768051747
2.6587122516131627
1.9961121098344958
2.3850362636599467
1.67805074929862
2.045657007847528
1.4324467820380289
1.2014072040369537
1.0772082598419377
2.403898952771979
1.9128612417631121
2.7954682941863513
2.6703664093845596
1.7701902689616331
2.947357539410446
2.1841240221567295
2.531766628430596
1.8143887169592139
1.3923398239365439
1.343554030163669
1.3624124524619736
2.207611034524877
1.2252657102226365
1.039821497674843
2.665993928376841
1.1988222358652816
1.9011690711035243
1.9769971461679388
2.240544816767125
2.0080289648031933
2.874686287457936
2.5007931887265515
2.1489329957659313
2.2345442734105667
2.0131029832139604
2.9295236177507094
1.4532521267182734
2.3780542742971367
2.1101933577957306
1.0840235781373722
1.5922999995674674
2.854333870803182
2.56912971486
1.0256621870607765
1.5932526593254897
1.0196106980931277
2.6549338859561558
1.220735184618126
1.1149103575496389
2.9637666863901972
1.8917397588304277
1.636785998127352
1.0980267791261842
1.7791905685976441
1.7320781145242765
2.0469615761109283
1.0135709329629659
1.295925760580437
1.4197730514968125
1.8810090374973951
1.6046067326197326
2.2266553529807975
1.5708652110785908
2.8192660201688398
2.923739916396153
1.118869730871805
1.4181194383099582
2.1260463665118157
2.541320458967959
1.1280484626487624
1.3696053688597594
1.9134402433813784
2.3373815171003467
2.806655853977623
2.7339459270831004
2.587510830836515
1.1054642867531022
2.953272986584375
2.2292558983023136
1.1722316304029001
1.5098575507795307
2.2415081691325818
1.771280233767279
1.8932069509810843
2.6091701311974993
2.648061954829557
2.093573960360615
2.5849022081088897
1.8120098581861088
2.9489636746368206
2.210318330852072
2.935395965373637
1.0879753841127942
2.7653853056854008
2.118754375089753
2.4272780619175944
1.38518995075804
2.0973827519819865
1.5785558482438384
1.2109609537334138
1.0063735412362342
2.8136800397292077
2.3418086300716547
1.4100434633330146
1.5156373551254876
1.931188623043497
2.636574506538947
1.2352512057569593
2.9355696603274595
2.887821532854174
1.489320191385267
2.2815637190038616
1.720195065532172
2.394646689011168
1.1738322002955068
1.9399317604128539
2.1769816073801875
2.2529514718493653
2.3855909483431263
2.782762746002012
1.482500419814852
1.3063886346663727
1.7812138744259516
2.1376562953782363
2.9210575218411092
2.421011171232837
2.476885101339258
2.9454341076212476
1.5354863255171798
1.5189232510517559
1.8450816751378043
1.5908400148394661
2.3022067704569382
2.903427841639072
1.3070229850720487
2.0358953644402695
2.3551561975964743
1.9863553331622643
2.8274876817880346
2.473795972402917
2.764353591221138
1.2235299762382144
1.391527006993419
1.1314084512072238
2.658638996929369
2.9256373236116326
1.027982042056867
2.5785072877431516
2.455662397055949
2.8163735887707544
1.5407709465188013
2.4295543666331714
1.47484576293844
1.1520664000895333
2.4904081254065478
1.0844259428061247
2.399188926315248
1.566924929404731
1.9748467901691553
2.7830663077426996
1.4868157580004258
1.9366487637134306
1.710098894080489
1.3807617737539764
1.9473029366852501
1.3632606540228505
2.5980149833171398
2.229643283255755
1.5662615056717035
2.9462099905280326
1.6905536889374866
2.342513322397861
2.4664474529685085
1.5304527803532795
1.0235276031756204
2.785231753266275
2.912833027183258
1.3404561668359822
1.307210422247706
1.8653348388867963
2.195139136299483
2.9779652547149524
2.9269922347118813
2.9757056798919392
1.4911388304748547
2.1977664035835787
1.871738287427463
1.4628045914757608
1.1307547414334325
1.3374567475121137
1.7169034575724134
1.1760434609503134
1.3014779827399106
1.089302970339746
2.245812547384346
1.9854329597322042
1.4871060061997885
2.0526974790445953
1.848893555311956
2.318306447410175
2.8653344394959173
1.706584212947166
2.2903030653497782
1.4378334764206304
2.8797987980319686
2.235384960964238
1.317494875200792
1.514102121802041
1.3183027212270746
1.358268068939379
1.61359771333684
2.6461408863260014
1.914117603262245
1.5543399349179963
1.8381517215350724
1.5347964601963833
2.467364832346587
1.1175624940205977
1.5784571202945588
1.646492176328616
1.3630390373589896
2.476311566764491
1.3604947252174222
1.6009626861834556
1.1129531242553643
2.5111712743357746
1.7277260332449007
2.311856785528203
1.4344722043935136
1.0436003894277697
1.6448363170194054
2.558127705594027
2.6748915609299906
1.697679512932329
2.6938815570831736
1.100697851747423
2.0442290721469503
1.514844832662692
1.8781553774011626
1.4432836432554155
2.787133243598559
1.6043493310076167
2.8905838540714983
1.2181803578408326
1.8596620122593412
1.8868898660930804
2.4188695860446363
1.690044539586227
1.9849899272157179
1.1408981210757632
1.6220629173310945
2.449968635730971
1.21182278382305
1.9250713435103326
1.4734539091366268
1.3309690002733634
1.24263102521712
2.627731854767859
2.373314039079443
1.758912200584345
1.7832818856469306
2.4569149509632404
2.2079122992390365
2.8320305271045987
2.8388273724641513
1.9643494056512028
2.318270513938377
2.0893354278709775
1.620571083406107
1.9070268496711593
2.442351728421574
2.1053643053623747
2.2648127328932164
1.9741465955367539
2.9059552858883606
2.5529229006713354
1.2615700674360353
2.6282190160710055
2.835155152820806
2.633316381817018
1.6862164955547652
1.735817992654614
1.4864287406320713
1.1114094200442677
1.9441226912313736
2.7009603570098566
2.5376231723180833
2.3243978030592576
2.694381338866566
2.3182277497928885
1.4466668304494628
2.606310153634165
1.735040008919411
2.7801239405507596
1.6529650617094194
1.1838039011671553
2.4597963901161393
1.2152935042399737
2.7404288581537957
1.8238471021868734
2.5602423980851237
1.1051369109929088
2.0876755150156106
2.3537880894736496
1.2590102575333462
2.216795642793001
1.2860452306830492
1.6079782541615257
1.730570411055317
2.2391707407881674
1.260237689874543
1.36965131400049
2.562513172619589
2.4317512816694764
1.9084113392016966
1.5640060304309935
2.3844092844786493
1.935688806641806
1.6230393461856043
2.7493664663422064
1.4036806359630132
2.6085657088421392
2.235635811338881
2.291960251535964
2.3643049025256135
2.4965420867185597
2.761894190134763
2.8411677039641665
1.51097809334487
1.3277724095955774
2.7927481670647967
1.407658581524644
1.4439298758309873
2.6105139820029324
2.9322211769574444
2.6890906912548376
2.0334607831236506
1.7512007363480242
2.9771034644007557
2.4721377650894913
2.258187042132039
1.0222575371907252
1.390383557808218
1.0269835400887863
2.8140808298495585
1.4729312198038476
1.3420426209899894
2.1651354477990585
1.4062037125621645
2.0930641862477586
2.8995834020884526
2.7278173820132614
1.4902550675362993
2.832355288129305
1.7987808803841128
2.0460741654108965
1.6499453524011984
2.9999161729560893
1.614146912303864
2.474551991744966
2.2397920711859047
2.3778466451562164
1.2080131049610265
2.073577620856151
2.994094718811675
2.126286869069488
1.3935882268320028
1.105146235112089
1.6599050185454578
2.4912330527203084
1.0496271503977401
1.0972764242537238
2.31401603339675
2.7637342849707993
1.8774967582443591
2.2486135200931106
1.5145236186272326
1.5451263573557608
1.9499548265200797
1.4381329512359968
1.9077599136854497
1.2967636168023065
2.847949868827718
2.2959021469713
1.1883774187289382
1.3862146945800111
2.65830545218742
1.7448060827547873
1.5202081310461366
1.0466361402463522
2.350433702570723
2.140662775597759
2.680788881527562
1.3394608989015346
2.504590355984881
2.654137530716289
2.648242315683274
2.4927295059862598
1.884731750209912
1.0948136541207398
2.288562836379846
1.0513824971816734
1.1716849737470247
1.8182465960628387
1.241555900270271
1.9039655123293626
2.702086409759832
1.3483144437214516
2.596309892076918
2.99512146306327
1.0745660049604482
1.8462988170623402
2.415082613617339
2.46336705109207
1.5598194930132439
2.6180434628987967
1.7425630464833552
1.4015048579478038
2.035663585700313
2.2249545099373425
2.6754764963381303
2.3279624187220262
1.1662399402563142
2.14971370960516
1.6882920690484355
2.410084769851072
1.0901213200187811
2.314714922598842
2.5831426495052123
1.0803133996658
1.0307214410402465
2.78378295179568
2.7908472786937275
1.3531703536427555
2.844903968676527
1.8132327080351855
2.038092607535185
1.9417439633189755
1.6700057328080378
2.7684971151196622
2.2211524213378464
2.8649441730098366
2.2441518579809165
2.8497167556102276
2.030439196803173
1.9497880224405006
2.1426220110448235
1.011838372678421
2.535289106262266
1.2792339682518803
2.8879250482989005
1.088590210179417
2.416371599473699
2.537171086053264
2.083275361204425
1.1915128805117798
2.6230067514684023
1.6424336493274445
1.575945720373345
2.384770301783811
2.9436574136639067
1.192294615697584
1.8725509062040493
2.346687771507943
1.5538436001155806
2.8499894742113505
2.205596608337796
1.1512198068138741
1.3095308497865776
1.2865098127245838
1.9120091657328981
2.820517935795422
1.224568563235303
1.3025833391833015
1.4234514884076304
2.146182724853076
1.8604276752750275
1.836609300041798
1.2898739967038189
2.648566059667863
1.9588987731085779
2.7314555344262503
1.0602295589665673
1.9154001750336236
1.7368331963150576
2.682626759983229
2.3842843408508063
2.0418482649590235
1.322496751297531
2.3651872917769747
2.7919476406275208
2.5532440112657726
2.9342333089247337
2.1826360167162857
1.6274731942238225
1.4420061255717336
2.5986832495243037
2.6236752807811428
2.269464275509755
2.564145782337958
1.9719512096048335
2.703076940620832
2.389383522915998
1.4839034900082864
2.175093999897885
2.3122789176430407
1.4056774449536409
2.871557978412386
2.611100710807476
1.290522097583301
1.4397889008766593
1.0042544073574706
2.8788045989332147
1.348725414911377
2.6676261643505494
2.023208926549067
1.114232307226348
1.4228509631107793
1.5154240830239167
2.528711238159727
1.7352946119140022
1.2838785631322513
2.8926877397114263
2.0290387615829886
1.1331769982817652
2.94599881654727
2.3506561894431997
1.882084581009417
1.2914512272988015
2.3867371798740447
1.193963267312039
2.878477890914862
2.5030150971757372
2.4262680191884782
2.540562000649769
2.7275662618145353
1.9378555980680194
2.6230269262330133
1.2203563233385988
2.4007324364112637
2.5023005162128142
1.4227739828714427
1.222675975216035
2.833625986767631
2.783024027274854
1.219845093173923
2.1786959152928693
1.3615758388273986
1.4094046343019215
2.8583846548399077
2.325593804105195
2.516926390868149
1.5642684782875482
2.551627261173114
2.3387189231010295
1.6925338516042834
1.99247292507773
1.498157030270449
2.18900411428179
1.373887751729493
1.897331543495216
2.710653176438021
2.3156856645991835
2.204481167172826
1.2238364082780557
2.6433615028021658
2.2390716206116923
2.8967982510881143
2.8675510651221106
2.8635978924662586
2.0688435158054106
2.5393901661580225
1.2032625698598272
1.0894919656404343
2.572596432300821
2.346500475707689
2.8940246901620306
1.6087945121359648
1.9899923296981767
2.57345741821089
2.217958084509297
2.6970062924041667
1.7894506717073828
2.690324933358011
2.7225946595674118
2.8059679848976984
1.795892896986927
2.8165518797304734
1.6182065373618468
2.1878101968615216
2.959860987412506
2.288976248615466
2.1848334838103805
1.7219749069458297
2.0272189531010554
1.981197887508018
2.355171023453556
2.0796850714948842
1.6368717775027106
1.3816293045540722
2.974656866103589
2.238698056693626
1.346279387147993
1.6759062581461164
2.3003241277755553
1.4772369397158218
2.7906781913682677
2.081046862596361
2.3617200212121006
2.3270006498099476
1.3234881787360844
2.8642948087871227
2.6915655209977345
1.2919739520290177
2.1391257226797005
2.0558655975812212
1.6191730989784563
1.750442994676533
1.5183878338684271
2.2626864974333887
1.857249389008323
1.2008468385261941
1.4543489711038076
1.3030931656670828
2.2589973978428137
2.108401237161064
1.785067707569276
2.094316438912095
2.2576140927363637
1.4330020419748402
1.1112483311310792
2.9243175840843074
1.3710261066598246
1.4838709118127171
2.408401137819382
2.9716322209353905
1.2471754565440856
1.8048121122903438
2.7116495629250648
1.1698318122284677
1.5006728748404214
2.227435562626044
2.6584641113022416
1.2052727168952901
1.8327109488159687
2.1842634186071446
2.094101780955152
2.0710828270002155
2.986033188418533
2.968238298124053
1.4206142776821493
1.5112802887565138
1.8000839529743855
1.2019368734396945
1.2927463005083217
2.130030469416979
2.973888402862431
1.5875660326427057
1.39691774064571
2.233039885687183
1.595010953146795
1.0271883784665834
1.1874081832519303
2.755505233830135
1.2174520361744603
2.2828282647320175
1.8374311128045335
2.5389681058098397
2.018272079350206
1.4617960804377017
1.4223388854321866
1.4704821576630216
1.4674205719625073
1.5016405832720603
1.5987327620726526
2.1962388374637913
2.055542124748123
1.1374352265016308
1.8414479150244631
2.859960269669524
2.879191692714414
1.6393444650011526
1.3110806605896026
1.585538838825661
1.2653566250033463
1.5171381696861255
2.8495912476377097
2.7541647332931616
1.9045301316755892
2.0995873964071405
2.401232417219124
2.402644540103743
2.387317853330582
2.4721259410308187
2.181968994058073
1.265893768333977
2.3738556593819675
2.3378864596281406
1.3246933668740613
1.3899216363883786
2.2731498757697954
1.7716773337512457
2.6216526803871476
1.5543945170710771
2.3323581187727376
2.2297683706354814
1.2211213835490329
1.5568685040643686
1.7069127725135136
1.6038843897355062
1.1819909759306924
1.4710058261275636
2.0744394507945287
1.4521563390178163
2.2715810863397667
1.8300782545801115
1.9127258979588877
1.4139470143441186
2.573037589333525
1.1549101893594562
2.888806975665492
2.178686348101722
2.888502695732137
2.0984385921671853
1.7031981556147313
1.73971128479879
2.8586021095906284
2.0417412193878155
1.788760987875942
1.3119690160254314
1.3034805635119688
1.831972804345213
1.904077642025891
2.6084563804401926
1.243375790777645
1.9082343092895604
1.2660115827587684
1.5079122007566967
1.9862564926524462
2.7538317649944184
1.2646127119021653
1.3484963799640763
2.4123992125668656
2.0544369181909348
1.1753900009138438
2.362007210214787
2.9166980535139424
2.4765097432639642
2.9929632030757203
2.4855830826360323
1.6578607927854934
2.6006919097781376
2.1357506969969298
1.182679902357536
1.7248654152655378
2.892551206171393
2.3098547683404886
1.7398327839219987
2.417008709278403
2.366315640582835
1.3166468673859018
1.9214499129846594
2.611724239613956
1.232700782930907
2.095276789876798
1.2377214642033938
1.5497918014268697
2.532908400167024
1.715396396873092
2.6448320462245936
2.452223479190967
2.27137392959719
1.3007665986423016
1.9043913534875925
2.756557284986985
2.265341316086157
1.1373770165076984
2.0041774067034877
1.9337760428846664
1.9744336397059026
1.8290929458250265
2.627350834180641
2.064549956508763
2.7166264562567735
2.907023650041467
2.79041599968118
2.539629078910368
1.0429401277604804
1.003556727354963
1.3430980675195403
2.0343094531906027
1.5987428352618165
1.2644351917492496
2.853612645002652
1.8596923510064516
1.3975215079151038
2.0231134272062423
2.9632983420998924
2.4458896692789116
2.849234954921924
1.2322454355659094
2.482079969940863
1.675115651222344
1.7203853278691157
1.9135601084663192
1.925513302341555
2.581870346986028
1.5915010272906909
1.922931773149316
1.8662780515897182
2.245099293630896
2.1171898039137087
1.0948147344175638
2.7079497734686333
2.285138189359988
1.3042434551662785
1.9915866106999627
2.8005777190650694
2.765530704423339
1.8073081687043877
1.4764925945890572
2.903636829533365
2.4703894343958503
2.3266654452493443
1.8177930397670836
2.7304274902120227
1.3857875746698172
2.6560410716511482
2.600510506698191
2.04450612429466
1.7279096060514803
2.3724898404827606
1.776612754105283
1.8272073363760724
1.5392831008111125
2.5665365666568043
1.3076480291780153
1.990170596799578
1.8840336317655098
2.9721373637404893
1.2205555625163913
2.1309844986503226
1.443505181766567
2.900847946681303
1.2514342813390165
2.8327941923264026
2.2912324186473336
1.381546774742347
1.828930727157002
1.5514876056900386
1.9548890542238972
2.6494281372132598
1.9618233211528955
2.970273023296791
2.8232152110374926
1.4325379112069019
1.2653150012079457
2.367895217283017
1.719807418342435
1.5308096777069784
2.850993166477698
2.156822922607697
1.5371062183460706
2.1266749614703446
2.1007660275637954
2.598524913182013
1.8245379759862137
2.008328787040006
1.3043876999755863
2.6974987979272615
2.8384584064830154
1.0042940852433746
2.5108642509370647
2.9463419956556667
2.7180661285361483
2.598984073939861
1.430653401590375
2.981528875876716
1.7464675176958813
2.7155077098576426
2.5566852075436692
2.2134339075681306
2.9299696076195065
2.9147524645360017
1.887400784239525
1.9449193848683357
2.8061065468927
1.902703493792053
2.7378863924537304
1.4538490448103911
1.5049194651976694
1.7750662863638305
1.6177062720118816
1.9063341034828991
1.4431114076670402
1.3279652987516566
1.7613404692889485
1.3554427636754822
1.6865332010198264
1.7934579325895823
2.8841483953101283
1.8339135522834062
2.1816878636707147
2.848105579312856
1.8884064157870948
1.551066243652635
2.1344980188388587
2.6494131823372844
1.5680015556684022
2.4746645423754448
1.962557012475678
2.0563354499542976
2.288628002783036
1.9356218303464314
1.3724508057828586
1.4627648210436286
1.0967322285850174
2.7634591692984896
2.303550205053993
2.8778919569506476
1.6352451481761852
2.1179503809193907
2.1409046585475036
1.2790401709320791
2.111391380791585
2.2110669109644214
1.8633578060632363
1.6984007295931356
1.4726143616286285
1.1539817488284176
2.1974368895360694
1.3928803533068885
1.1611504523780798
2.966885099310608
2.780482208600289
1.722273834232043
1.9420249105072172
1.4093975990070373
2.972792517859596
1.6015954493933178
2.6711434522852366
2.4948814690935937
1.0335951760095452
1.074605392025969
1.8801793749261195
1.0612902584750206
2.8366759099827514
2.9407041004141963
2.225420675185382
1.6117505089653619
1.425887541330239
1.271822422461608
2.1337486825793555
1.3146680844107819
1.4392749466935544
2.439014671583344
2.7382098620391258
2.266505283690182
2.9122783506013574
