# Distribution : uniforme_continue
# n = 100 valeurs
# Seed = 2 (groupe 2)
1.5232242684986328
1.5969822868282466
2.6284514811885606
1.1838318842701938
2.200201051931308
2.457121053623589
1.3758021467332069
1.1102932546661364
1.5499387358120762
2.314866029751185
2.1245313255608558
1.3001245266106722
1.8652615816095743
2.3385945971490405
1.8455693465402556
2.266368798548233
2.9348719049873533
2.3661296446192503
1.7832496661600523
1.3745051394401961
1.6919213311434662
2.022131947139154
2.7824188190011583
2.551127884945379
1.6362932012307487
2.8484337930136485
1.941819770831515
2.38751768440446
1.2144146169071761
1.209087116865883
1.4038148950589007
2.7688993473765873
2.359622922969167
2.6984726472288694
2.2888725384110353
1.813084795351073
2.0331563882499935
2.1868870355118126
2.7242359698152563
1.87637233231825
2.784480219933286
2.2274338768051747
2.6587122516131627
1.9961121098344958
2.3850362636599467
1.67805074929862
2.045657007847528
1.4324467820380289
1.2014072040369537
1.0772082598419377
2.403898952771979
1.9128612417631121
2.7954682941863513
2.6703664093845596
1.7701902689616331
2.947357539410446
2.1841240221567295
2.531766628430596
1.8143887169592139
1.3923398239365439
1.343554030163669
1.3624124524619736
2.207611034524877
1.2252657102226365
1.039821497674843
2.665993928376841
1.1988222358652816
1.9011690711035243
1.9769971461679388
2.240544816767125
2.0080289648031933
2.874686287457936
2.5007931887265515
2.1489329957659313
2.2345442734105667
2.0131029832139604
2.9295236177507094
1.4532521267182734
2.3780542742971367
2.1101933577957306
1.0840235781373722
1.5922999995674674
2.854333870803182
2.56912971486
1.0256621870607765
1.5932526593254897
1.0196106980931277
2.6549338859561558
1.220735184618126
1.1149103575496389
2.9637666863901972
1.8917397588304277
1.636785998127352
1.0980267791261842
1.7791905685976441
1.7320781145242765
2.0469615761109283
1.0135709329629659
1.295925760580437
1.4197730514968125
