# Loi : uniforme_discrete
# n = 1000 valeurs
# Seed = 2 (groupe 2)
15
16
27
11
22
25
13
11
15
23
21
13
19
24
18
23
30
24
18
13
17
20
28
26
16
29
19
24
12
12
14
28
24
27
23
18
20
22
28
19
28
22
27
20
24
17
20
14
12
10
24
19
28
27
18
30
22
26
18
14
13
13
22
12
10
27
12
19
20
23
20
29
25
22
22
20
30
14
24
21
10
16
29
26
10
16
10
27
12
11
30
19
16
11
18
17
20
10
13
14
19
16
22
15
29
30
11
14
21
26
11
13
19
24
28
28
26
11
30
22
11
15
23
18
19
26
27
21
26
18
30
22
30
10
28
21
24
14
21
16
12
10
29
24
14
15
19
27
12
30
29
15
23
17
24
11
19
22
23
24
28
15
13
18
21
30
24
25
30
15
15
18
16
23
29
13
20
24
20
29
25
28
12
14
11
27
30
10
26
25
29
15
25
14
11
25
10
24
15
20
28
15
19
17
13
19
13
26
22
15
30
17
24
25
15
10
28
30
13
13
19
22
30
30
30
15
22
19
14
11
13
17
11
13
10
23
20
15
21
18
23
29
17
23
14
29
22
13
15
13
13
16
27
19
15
18
15
25
11
16
16
13
25
13
16
11
25
17
23
14
10
16
26
27
17
27
11
20
15
19
14
28
16
29
12
19
19
24
17
20
11
16
25
12
19
14
13
12
27
24
17
18
25
22
29
29
20
23
21
16
19
25
21
23
20
30
26
12
27
29
27
17
17
15
11
19
27
26
23
27
23
14
26
17
28
16
11
25
12
28
18
26
11
21
24
12
22
13
16
17
23
12
13
26
25
19
15
24
19
16
28
14
26
22
23
24
25
28
29
15
13
28
14
14
26
30
27
20
17
30
25
23
10
14
10
29
14
13
22
14
21
29
28
15
29
18
20
16
30
16
25
23
24
12
21
30
21
14
11
16
25
10
11
23
28
19
23
15
15
19
14
19
13
29
23
11
14
27
17
15
10
24
21
27
13
25
27
27
25
19
10
23
10
11
18
12
19
27
13
26
30
10
18
24
25
15
26
17
14
20
22
27
23
11
22
17
24
10
23
26
10
10
28
28
13
29
18
20
19
17
28
22
29
23
29
20
19
21
10
26
12
29
10
24
26
21
12
27
16
16
24
30
12
19
24
15
29
22
11
13
13
19
29
12
13
14
22
19
18
13
27
20
28
10
19
17
27
24
20
13
24
28
26
30
22
16
14
26
27
23
26
20
27
24
15
22
23
14
29
26
13
14
10
29
13
27
20
11
14
15
26
17
12
29
20
11
30
24
19
13
24
12
29
25
24
26
28
19
27
12
24
25
14
12
29
28
12
22
13
14
29
23
25
15
26
24
17
20
15
22
13
19
27
23
22
12
27
23
29
29
29
21
26
12
10
26
24
29
16
20
26
22
27
18
27
28
28
18
29
16
22
30
23
22
17
20
20
24
21
16
14
30
23
13
17
23
15
28
21
24
23
13
29
27
13
21
21
16
17
15
23
19
12
14
13
23
21
18
21
23
14
11
30
13
15
24
30
12
18
27
11
15
22
27
12
18
22
21
21
30
30
14
15
18
12
13
21
30
16
14
22
16
10
11
28
12
23
18
26
20
14
14
14
14
15
16
22
21
11
18
29
29
16
13
16
12
15
29
28
19
21
24
24
24
25
22
12
24
24
13
14
23
18
27
15
23
22
12
15
17
16
11
14
21
14
23
18
19
14
26
11
29
22
29
21
17
17
29
20
18
13
13
18
19
26
12
19
12
15
20
28
12
13
24
21
11
24
30
25
30
25
16
26
21
11
17
29
23
17
24
24
13
19
26
12
21
12
15
26
17
27
25
23
13
19
28
23
11
20
19
20
18
27
21
28
30
28
26
10
10
13
20
16
12
29
19
14
20
30
25
29
12
25
17
17
19
19
26
16
19
19
23
21
10
27
23
13
20
28
28
18
15
29
25
23
18
28
14
27
26
20
17
24
18
18
15
26
13
20
19
30
12
21
14
29
12
29
23
14
18
15
20
27
20
30
29
14
12
24
17
15
29
22
15
21
21
26
18
20
13
27
29
10
25
30
28
26
14
30
17
28
26
22
30
30
19
19
28
19
28
14
15
18
16
19
14
13
17
13
17
18
29
18
22
29
19
15
21
27
15
25
20
21
23
19
13
14
11
28
23
29
16
21
21
12
21
22
19
17
14
11
22
14
11
30
28
17
19
14
30
16
27
25
10
10
19
10
29
30
22
16
14
12
21
13
14
25
28
23
30
